972
1 5 2 3 5 723 724
2 5 1 5 10 723 965
3 5 1 5 18 724 953
4 8 5 6 7 16 17 22 23 24
5 8 1 2 3 4 6 10 17 18
6 5 4 5 7 9 10
7 7 4 6 8 9 23 83 91
8 5 7 9 91 965 966
9 6 6 7 8 10 11 965
10 6 2 5 6 9 11 965
11 2 9 10
12 4 13 14 822 962
13 8 12 14 20 26 27 31 816 822
14 7 12 13 19 20 955 956 962
15 4 17 18 19 20
16 7 4 17 20 24 25 26 27
17 6 4 5 15 16 18 20
18 7 3 5 15 17 19 953 954
19 6 14 15 18 20 954 955
20 7 13 14 15 16 17 19 26
21 9 22 23 25 28 142 160 163 169 171
22 5 4 21 23 24 25
23 7 4 7 21 22 83 166 169
24 4 4 16 22 25
25 6 16 21 22 24 27 28
26 4 13 16 20 27
27 10 13 16 25 26 28 31 33 143 160 812
28 5 21 25 27 143 160
29 5 32 34 151 231 234
30 4 32 33 151 812
31 4 13 27 812 816
32 5 29 30 34 151 812
33 8 27 30 144 151 153 158 160 812
34 4 29 32 35 234
35 4 34 136 230 234
36 1 49
37 5 38 39 48 901 902
38 6 37 39 44 48 49 50
39 8 37 38 40 41 50 902 903 905
40 5 39 41 42 50 69
41 6 39 40 42 905 907 908
42 6 40 41 68 69 70 908
43 5 44 46 47 49 64
44 5 38 43 46 48 49
45 3 46 51 900
46 9 43 44 45 47 48 51 54 57 900
47 6 43 46 54 60 64 66
48 5 37 38 44 46 900
49 7 36 38 43 44 50 59 64
50 6 38 39 40 49 59 69
51 7 45 46 52 55 56 57 900
52 5 51 53 55 56 58
53 6 52 54 56 58 63 649
54 8 46 47 53 56 57 63 66 649
55 3 51 52 58
56 5 51 52 53 54 57
57 4 46 51 54 56
58 4 52 53 55 649
59 6 49 50 61 64 69 78
60 5 47 62 64 66 649
61 5 59 64 65 78 79
62 4 60 64 65 649
63 4 53 54 66 649
64 8 43 47 49 59 60 61 62 65
65 7 61 62 64 79 649 651 656
66 5 47 54 60 63 649
67 6 68 69 70 74 77 78
68 5 42 67 69 70 908
69 7 40 42 50 59 67 68 78
70 8 42 67 68 71 73 74 361 908
71 7 70 73 356 361 402 866 908
72 5 73 75 76 660 866
73 6 70 71 72 74 75 866
74 5 67 70 73 75 77
75 6 72 73 74 76 77 656
76 5 72 75 656 660 661
77 6 67 74 75 78 79 656
78 6 59 61 67 69 77 79
79 5 61 65 77 78 656
80 0
81 1 82
82 8 81 83 84 86 87 88 89 90
83 7 7 23 82 84 90 91 166
84 10 82 83 85 86 166 170 178 180 182 183
85 7 84 86 183 192 196 437 439
86 9 82 84 85 87 432 433 435 437 438
87 4 82 86 88 433
88 3 82 87 89
89 5 82 88 90 91 92
90 4 82 83 89 91
91 9 7 8 83 89 90 92 93 966 967
92 4 89 91 93 94
93 5 91 92 94 967 969
94 3 92 93 969
95 4 96 97 99 100
96 7 95 97 99 117 118 130 131
97 5 95 96 98 100 130
98 6 97 100 106 107 130 134
99 5 95 96 100 102 118
100 7 95 97 98 99 102 104 107
101 1 102
102 9 99 100 101 103 104 110 114 115 118
103 4 102 104 105 114
104 6 100 102 103 105 107 202
105 8 103 104 114 202 206 217 218 220
106 6 98 107 134 227 228 233
107 6 98 100 104 106 202 233
108 1 111
109 2 110 418
110 9 102 109 111 115 117 118 412 418 422
111 7 108 110 117 119 123 418 654
112 1 115
113 5 115 261 405 408 422
114 6 102 103 105 115 217 267
115 9 102 110 112 113 114 261 267 412 422
116 2 117 118
117 7 96 110 111 116 118 119 131
118 6 96 99 102 110 116 117
119 6 111 117 123 124 131 132
120 2 121 122
121 6 120 122 125 128 129 655
122 6 120 121 123 125 654 655
123 6 111 119 122 124 125 654
124 5 119 123 125 126 132
125 7 121 122 123 124 126 127 129
126 5 124 125 127 132 138
127 4 125 126 136 138
128 3 121 129 655
129 3 121 125 128
130 8 96 97 98 131 132 134 135 138
131 5 96 117 119 130 132
132 6 119 124 126 130 131 138
133 2 134 229
134 7 98 106 130 133 135 228 229
135 6 130 134 137 138 229 232
136 5 35 127 137 138 230
137 6 135 136 138 230 232 234
138 7 126 127 130 132 135 136 137
139 3 147 156 157
140 3 145 150 155
141 1 158
142 4 21 154 160 171
143 3 27 28 160
144 6 33 151 153 155 159 161
145 6 140 149 150 155 157 225
146 4 148 154 155 158
147 8 139 156 157 167 179 207 208 233
148 5 146 149 154 155 168
149 6 145 148 155 157 167 168
150 6 140 145 152 155 159 225
151 7 29 30 32 33 144 161 231
152 6 150 159 161 225 226 231
153 4 33 144 155 158
154 7 142 146 148 158 160 168 171
155 10 140 144 145 146 148 149 150 153 158 159
156 5 139 147 157 225 233
157 7 139 145 147 149 156 167 225
158 7 33 141 146 153 154 155 160
159 5 144 150 152 155 161
160 8 21 27 28 33 142 143 154 158
161 5 144 151 152 159 231
162 1 168
163 2 21 169
164 1 172
165 6 166 169 170 171 172 173
166 6 23 83 84 165 169 170
167 6 147 149 157 168 179 181
168 9 148 149 154 162 167 171 172 173 181
169 6 21 23 163 165 166 171
170 5 84 165 166 172 178
171 7 21 142 154 165 168 169 173
172 7 164 165 168 170 173 178 181
173 4 165 168 171 172
174 1 177
175 1 181
176 1 180
177 6 174 179 180 182 189 205
178 5 84 170 172 181 182
179 7 147 167 177 181 182 205 207
180 6 84 176 177 182 183 189
181 7 167 168 172 175 178 179 182
182 6 84 177 178 179 180 181
183 5 84 85 180 189 196
184 1 188
185 1 189
186 1 190
187 1 192
188 10 184 189 190 191 195 203 206 215 216 219
189 11 177 180 183 185 188 191 192 194 195 196 205
190 7 186 188 193 195 215 485 488
191 4 188 189 203 205
192 8 85 187 189 193 194 196 439 491
193 7 190 192 194 195 488 489 491
194 4 189 192 193 195
195 5 188 189 190 193 194
196 4 85 183 189 192
197 1 202
198 4 199 200 203 204
199 3 198 200 204
200 7 198 199 201 203 204 205 207
201 2 200 207
202 9 104 105 107 197 204 206 207 208 233
203 7 188 191 198 200 204 205 206
204 7 198 199 200 202 203 206 207
205 7 177 179 189 191 200 203 207
206 7 105 188 202 203 204 216 220
207 8 147 179 200 201 202 204 205 208
208 4 147 202 207 233
209 2 212 217
210 1 219
211 1 220
212 6 209 217 218 262 265 268
213 5 214 218 219 265 277
214 6 213 215 219 277 482 485
215 5 188 190 214 219 485
216 4 188 206 219 220
217 7 105 114 209 212 218 262 267
218 7 105 212 213 217 219 220 265
219 8 188 210 213 214 215 216 218 220
220 6 105 206 211 216 218 219
221 2 225 226
222 1 231
223 1 234
224 1 232
225 8 145 150 152 156 157 221 226 233
226 8 152 221 225 227 228 231 232 233
227 4 106 226 228 233
228 6 106 134 226 227 229 232
229 5 133 134 135 228 232
230 4 35 136 137 234
231 8 29 151 152 161 222 226 232 234
232 8 135 137 224 226 228 229 231 234
233 9 106 107 147 156 202 208 225 226 227
234 8 29 34 35 137 223 230 231 232
235 9 239 240 241 243 244 245 247 249 252
236 2 243 249
237 1 251
238 2 244 247
239 3 235 243 249
240 4 235 244 245 253
241 6 235 242 246 247 251 252
242 6 241 246 252 434 443 457
243 8 235 236 239 245 248 249 449 456
244 4 235 238 240 247
245 6 235 240 243 248 253 285
246 5 241 242 251 432 434
247 5 235 238 241 244 251
248 6 243 245 250 285 290 456
249 8 235 236 239 243 252 448 449 457
250 4 248 290 311 456
251 6 237 241 246 247 432 433
252 5 235 241 242 249 457
253 4 240 245 285 289
254 5 301 313 318 319 334
255 2 309 334
256 6 310 316 463 466 470 472
257 2 262 268
258 7 259 263 264 265 266 268 270
259 3 258 265 268
260 5 263 266 269 409 423
261 8 113 115 262 263 267 413 415 422
262 7 212 217 257 261 263 267 268
263 9 258 260 261 262 266 268 409 415 423
264 6 258 266 269 270 272 273
265 9 212 213 218 258 259 268 270 275 277
266 5 258 260 263 264 269
267 5 114 115 217 261 262
268 7 212 257 258 259 262 263 265
269 6 260 264 266 273 396 423
270 6 258 264 265 271 272 275
271 4 270 272 274 275
272 7 264 270 271 273 274 386 397
273 5 264 269 272 396 397
274 6 271 272 275 280 281 386
275 7 265 270 271 274 277 278 280
276 1 279
277 7 213 214 265 275 278 482 495
278 5 275 277 280 282 495
279 7 276 280 281 282 297 300 373
280 6 274 275 278 279 281 282
281 6 274 279 280 373 383 386
282 7 278 279 280 300 478 480 495
283 1 286
284 2 288 290
285 7 245 248 253 286 287 289 290
286 5 283 285 287 288 290
287 3 285 286 289
288 5 284 286 290 460 463
289 3 253 285 287
290 9 248 250 284 285 286 288 311 312 463
291 5 292 294 296 298 299
292 5 291 295 298 299 303
293 2 294 296
294 9 291 293 296 298 307 308 317 447 450
295 7 292 297 299 300 303 452 479
296 6 291 293 294 299 450 452
297 6 279 295 300 303 304 373
298 5 291 292 294 303 307
299 6 291 292 295 296 303 452
300 6 279 282 295 297 478 479
301 8 254 305 318 319 331 332 333 375
302 5 303 304 306 307 374
303 8 292 295 297 298 299 302 304 307
304 5 297 302 303 373 374
305 6 301 306 307 315 318 375
306 5 302 305 307 374 375
307 8 294 298 302 303 305 306 308 315
308 4 294 307 315 317
309 5 255 313 314 316 334
310 6 256 312 314 315 316 463
311 6 250 290 312 317 447 456
312 6 290 310 311 315 317 463
313 5 254 309 314 318 334
314 6 309 310 313 315 316 318
315 8 305 307 308 310 312 314 317 318
316 6 256 309 310 314 466 471
317 6 294 308 311 312 315 447
318 6 254 301 305 313 314 315
319 4 254 301 331 334
320 2 325 330
321 3 324 331 334
322 2 332 368
323 1 328
324 6 321 326 328 330 331 334
325 3 320 330 335
326 6 324 327 330 331 332 333
327 7 326 329 330 332 368 869 876
328 5 323 324 330 334 335
329 6 327 365 368 876 878 880
330 8 320 324 325 326 327 328 335 869
331 7 301 319 321 324 326 333 334
332 10 301 322 326 327 333 368 369 371 372 375
333 4 301 326 331 332
334 9 254 255 309 313 319 321 324 328 331
335 3 325 328 330
336 3 337 347 348
337 7 336 339 341 342 347 348 350
338 8 341 342 347 362 363 367 377 382
339 4 337 348 349 350
340 3 348 349 357
341 4 337 338 342 347
342 5 337 338 341 350 362
343 4 344 345 358 359
344 4 343 345 347 359
345 5 343 344 347 358 382
346 6 349 350 365 883 884 906
347 11 336 337 338 341 344 345 348 352 353 359 382
348 10 336 337 339 340 347 349 352 354 355 357
349 8 339 340 346 348 350 357 906 907
350 8 337 339 342 346 349 362 365 367
351 1 360
352 6 347 348 353 355 359 360
353 3 347 352 359
354 5 348 355 356 357 361
355 5 348 352 354 356 360
356 8 71 354 355 360 361 390 402 403
357 7 340 348 349 354 361 907 908
358 8 343 345 359 360 382 384 385 391
359 7 343 344 347 352 353 358 360
360 9 351 352 355 356 358 359 390 391 395
361 6 70 71 354 356 357 908
362 4 338 342 350 367
363 4 338 367 377 381
364 3 366 368 369
365 8 329 346 350 366 367 368 880 883
366 7 364 365 367 368 369 380 388
367 10 338 350 362 363 365 366 377 378 381 388
368 8 322 327 329 332 364 365 366 369
369 7 332 364 366 368 371 380 387
370 3 371 372 374
371 7 332 369 370 372 374 376 387
372 5 332 370 371 374 375
373 7 279 281 297 304 374 376 383
374 9 302 304 306 370 371 372 373 375 376
375 6 301 305 306 332 372 374
376 5 371 373 374 383 387
377 6 338 363 367 378 381 382
378 5 367 377 379 382 388
379 4 378 382 384 388
380 4 366 369 387 388
381 3 363 367 377
382 8 338 345 347 358 377 378 379 384
383 7 281 373 376 384 385 386 387
384 7 358 379 382 383 385 387 388
385 5 358 383 384 386 391
386 7 272 274 281 383 385 391 397
387 7 369 371 376 380 383 384 388
388 7 366 367 378 379 380 384 387
389 3 394 396 397
390 5 356 360 394 395 403
391 6 358 360 385 386 395 397
392 6 393 399 415 417 420 423
393 6 392 399 401 404 420 430
394 8 389 390 395 396 397 398 399 403
395 5 360 390 391 394 397
396 7 269 273 389 394 397 399 423
397 8 272 273 386 389 391 394 395 396
398 4 394 399 401 403
399 7 392 393 394 396 398 401 423
400 1 404
401 6 393 398 399 402 403 404
402 6 71 356 401 403 404 866
403 6 356 390 394 398 401 402
404 7 393 400 401 402 426 430 866
405 3 113 408 422
406 1 419
407 3 416 421 424
408 3 113 405 422
409 3 260 263 423
410 3 416 421 422
411 1 424
412 3 110 115 422
413 4 261 415 416 422
414 2 424 429
415 7 261 263 392 413 416 417 423
416 9 407 410 413 415 417 419 421 422 424
417 5 392 415 416 419 420
418 6 109 110 111 421 422 654
419 6 406 416 417 420 424 429
420 7 392 393 417 419 427 429 430
421 7 407 410 416 418 422 424 654
422 12 110 113 115 261 405 408 410 412 413 416 418 421
423 8 260 263 269 392 396 399 409 415
424 9 407 411 414 416 419 421 429 654 662
425 4 427 428 429 662
426 5 404 428 430 662 866
427 5 420 425 428 429 430
428 5 425 426 427 430 662
429 7 414 419 420 424 425 427 662
430 6 393 404 420 426 427 428
431 3 432 434 435
432 7 86 246 251 431 433 434 435
433 4 86 87 251 432
434 7 242 246 431 432 435 438 443
435 5 86 431 432 434 438
436 3 437 438 440
437 6 85 86 436 438 439 440
438 9 86 434 435 436 437 440 442 443 493
439 6 85 192 437 440 491 492
440 6 436 437 438 439 492 493
441 2 442 443
442 6 438 441 443 451 454 493
443 8 242 434 438 441 442 448 454 457
444 2 448 457
445 1 454
446 3 449 450 455
447 5 294 311 317 450 456
448 7 249 443 444 449 454 455 457
449 7 243 249 446 448 450 455 456
450 8 294 296 446 447 449 452 455 456
451 9 442 454 474 481 484 487 490 492 493
452 7 295 296 299 450 453 455 479
453 5 452 454 455 479 481
454 8 442 443 445 448 451 453 455 481
455 7 446 448 449 450 452 453 454
456 7 243 248 250 311 447 449 450
457 6 242 249 252 443 444 448
458 1 469
459 2 467 468
460 4 288 463 465 472
461 3 467 468 470
462 4 464 468 469 471
463 7 256 288 290 310 312 460 472
464 3 462 469 503
465 4 460 467 470 472
466 4 256 316 470 471
467 5 459 461 465 468 470
468 7 459 461 462 467 469 470 471
469 5 458 462 464 468 503
470 8 256 461 465 466 467 468 471 472
471 5 316 462 466 468 470
472 5 256 460 463 465 470
473 4 483 484 486 487
474 3 451 490 492
475 2 487 490
476 3 482 485 486
477 1 487
478 5 282 300 479 480 481
479 6 295 300 452 453 478 481
480 6 282 478 481 483 484 495
481 7 451 453 454 478 479 480 484
482 7 214 277 476 483 485 486 495
483 6 473 480 482 484 486 495
484 6 451 473 480 481 483 487
485 8 190 214 215 476 482 486 488 489
486 7 473 476 482 483 485 487 489
487 8 451 473 475 477 484 486 489 490
488 4 190 193 485 489
489 7 193 485 486 487 488 490 491
490 7 451 474 475 487 489 491 492
491 6 192 193 439 489 490 492
492 7 439 440 451 474 490 491 493
493 5 438 440 442 451 492
494 1 495
495 7 277 278 282 480 482 483 494
496 1 497
497 3 496 498 500
498 2 497 500
499 0
500 3 497 498 501
501 1 500
502 0
503 4 464 469 504 505
504 3 503 505 506
505 3 503 504 506
506 2 504 505
507 2 509 511
508 4 509 510 511 512
509 4 507 508 510 511
510 3 508 509 511
511 6 507 508 509 510 512 546
512 4 508 511 546 552
513 0
514 2 515 516
515 1 514
516 2 514 517
517 1 516
518 1 520
519 3 520 521 522
520 2 518 519
521 3 519 522 528
522 3 519 521 528
523 4 524 526 527 530
524 5 523 525 526 528 529
525 3 524 526 528
526 5 523 524 525 530 532
527 3 523 530 537
528 4 521 522 524 525
529 1 524
530 8 523 526 527 531 532 535 536 537
531 3 530 532 535
532 3 526 530 531
533 4 534 535 536 543
534 2 533 535
535 5 530 531 533 534 536
536 7 530 533 535 537 543 548 549
537 5 527 530 536 538 549
538 2 537 549
539 0
540 0
541 0
542 0
543 5 533 536 548 549 550
544 3 545 551 552
545 3 544 551 553
546 5 511 512 547 549 550
547 2 546 549
548 3 536 543 549
549 8 536 537 538 543 546 547 548 550
550 3 543 546 549
551 4 544 545 552 553
552 3 512 544 551
553 2 545 551
554 2 555 557
555 5 554 556 557 558 571
556 8 555 557 571 577 909 910 913 916
557 4 554 555 556 909
558 3 555 559 571
559 5 558 562 570 571 572
560 5 561 562 563 564 570
561 4 560 562 563 677
562 4 559 560 561 570
563 6 560 561 564 565 567 677
564 5 560 563 567 570 575
565 6 563 567 587 677 692 695
566 6 567 580 581 588 590 591
567 8 563 564 565 566 575 581 587 588
568 5 569 574 580 581 582
569 6 568 573 574 576 582 584
570 8 559 560 562 564 572 574 575 576
571 7 555 556 558 559 572 576 577
572 4 559 570 571 576
573 7 569 576 577 584 915 916 925
574 6 568 569 570 575 576 581
575 5 564 567 570 574 581
576 7 569 570 571 572 573 574 577
577 5 556 571 573 576 916
578 7 579 580 589 591 598 600 603
579 6 578 580 582 583 597 600
580 7 566 568 578 579 581 582 591
581 6 566 567 568 574 575 580
582 6 568 569 579 580 583 584
583 9 579 582 584 597 599 602 928 930 931
584 7 569 573 582 583 923 925 930
585 3 586 587 588
586 3 585 587 689
587 8 565 567 585 586 588 689 690 692
588 5 566 567 585 587 590
589 3 578 591 603
590 3 566 588 591
591 5 566 578 580 589 590
592 0
593 0
594 0
595 2 598 603
596 3 599 601 602
597 6 579 583 598 600 601 602
598 6 578 595 597 600 601 603
599 5 583 596 602 917 928
600 4 578 579 597 598
601 4 596 597 598 602
602 5 583 596 597 599 601
603 4 578 589 595 598
604 7 605 608 612 615 616 618 621
605 5 604 606 607 608 618
606 3 605 607 618
607 4 605 606 608 610
608 6 604 605 607 610 611 612
609 4 610 611 612 613
610 4 607 608 609 611
611 4 608 609 610 612
612 6 604 608 609 611 613 615
613 4 609 612 614 615
614 3 613 615 617
615 6 604 612 613 614 616 617
616 5 604 615 617 620 621
617 4 614 615 616 620
618 4 604 605 606 621
619 2 621 952
620 3 616 617 621
621 5 604 616 618 619 620
622 3 626 627 628
623 10 625 627 628 629 635 639 651 652 657 658
624 5 625 626 629 631 647
625 6 623 624 626 628 631 635
626 6 622 624 625 627 628 629
627 5 622 623 626 628 629
628 5 622 623 625 626 627
629 6 623 624 626 627 647 652
630 6 632 634 635 637 679 698
631 7 624 625 634 635 646 647 667
632 6 630 633 634 679 680 684
633 5 632 634 665 667 684
634 6 630 631 632 633 635 667
635 7 623 625 630 631 634 637 639
636 7 637 638 639 641 642 657 659
637 6 630 635 636 638 639 698
638 7 636 637 641 698 702 706 707
639 5 623 635 636 637 657
640 3 641 642 643
641 5 636 638 640 642 702
642 6 636 640 641 643 659 663
643 4 640 642 655 663
644 3 645 646 647
645 4 644 646 666 671
646 6 631 644 645 647 666 667
647 7 624 629 631 644 646 648 652
648 3 647 652 653
649 11 53 54 58 60 62 63 65 66 650 651 653
650 2 649 653
651 7 65 623 649 652 653 656 658
652 6 623 629 647 648 651 653
653 5 648 649 650 651 652
654 10 111 122 123 418 421 424 655 660 662 663
655 6 121 122 128 643 654 663
656 8 65 75 76 77 79 651 658 661
657 5 623 636 639 658 659
658 6 623 651 656 657 659 661
659 6 636 642 657 658 661 663
660 7 72 76 654 661 662 663 866
661 6 76 656 658 659 660 663
662 8 424 425 426 428 429 654 660 866
663 7 642 643 654 655 659 660 661
664 4 665 668 671 672
665 8 633 664 666 667 668 671 683 684
666 5 645 646 665 667 671
667 6 631 633 634 646 665 666
668 4 664 665 682 683
669 3 670 671 672
670 2 669 672
671 6 645 664 665 666 669 672
672 4 664 669 670 671
673 7 674 676 678 680 681 682 694
674 4 673 675 676 682
675 4 674 676 677 693
676 6 673 674 675 693 694 697
677 6 561 563 565 675 693 695
678 6 673 679 680 694 699 701
679 6 630 632 678 680 698 701
680 6 632 673 678 679 681 684
681 5 673 680 682 683 684
682 5 668 673 674 681 683
683 5 665 668 681 682 684
684 6 632 633 665 680 681 683
685 5 687 689 690 692 696
686 6 687 688 691 703 713 715
687 4 685 686 691 696
688 5 686 691 699 700 703
689 4 586 587 685 690
690 4 587 685 689 692
691 7 686 687 688 694 696 697 699
692 8 565 587 685 690 693 695 696 697
693 6 675 676 677 692 695 697
694 6 673 676 678 691 697 699
695 4 565 677 692 693
696 5 685 687 691 692 697
697 6 676 691 692 693 694 696
698 6 630 637 638 679 701 706
699 6 678 688 691 694 700 701
700 5 688 699 701 703 706
701 6 678 679 698 699 700 706
702 6 638 641 705 707 708 709
703 7 686 688 700 704 705 706 715
704 5 703 705 710 711 715
705 7 702 703 704 706 707 708 711
706 7 638 698 700 701 703 705 707
707 4 638 702 705 706
708 6 702 705 709 711 746 754
709 3 702 708 754
710 6 704 711 712 714 715 751
711 6 704 705 708 710 746 751
712 4 710 714 751 755
713 3 686 714 715
714 4 710 712 713 715
715 6 686 703 704 710 713 714
716 1 717
717 1 716
718 1 719
719 8 718 720 721 730 731 733 735 968
720 6 719 721 722 727 728 735
721 5 719 720 722 723 968
722 6 720 721 723 724 725 727
723 8 1 2 721 722 724 965 966 968
724 6 1 3 722 723 725 953
725 4 722 724 727 953
726 3 727 728 735
727 5 720 722 725 726 728
728 4 720 726 727 735
729 7 730 731 732 733 734 970 972
730 4 719 729 731 733
731 5 719 729 730 968 970
732 4 729 733 734 736
733 7 719 729 730 732 735 736 737
734 3 729 732 972
735 6 719 720 726 728 733 737
736 3 732 733 737
737 3 733 735 736
738 3 739 744 745
739 3 738 740 745
740 4 739 741 742 745
741 4 740 742 744 745
742 2 740 741
743 1 744
744 4 738 741 743 745
745 5 738 739 740 741 744
746 8 708 711 747 748 751 752 753 754
747 7 746 748 749 750 753 754 765
748 3 746 747 754
749 3 747 750 759
750 5 747 749 759 765 769
751 7 710 711 712 746 752 755 756
752 4 746 751 753 756
753 7 746 747 752 756 757 765 825
754 5 708 709 746 747 748
755 3 712 751 756
756 5 751 752 753 755 757
757 5 753 756 758 825 826
758 3 757 826 834
759 5 749 750 760 769 770
760 4 759 761 762 770
761 4 760 762 763 770
762 6 760 761 763 764 812 813
763 6 761 762 764 767 769 770
764 6 762 763 767 768 813 814
765 6 747 750 753 766 769 825
766 4 765 767 769 825
767 7 763 764 766 768 769 825 826
768 8 764 767 814 820 826 827 828 830
769 7 750 759 763 765 766 767 770
770 5 759 760 761 763 769
771 7 772 773 774 775 852 853 855
772 4 771 773 849 852
773 3 771 772 774
774 4 771 773 775 776
775 5 771 774 776 777 855
776 5 774 775 777 778 785
777 6 775 776 778 779 854 855
778 5 776 777 779 780 785
779 4 777 778 780 781
780 5 778 779 781 785 788
781 3 779 780 788
782 4 783 784 786 789
783 3 782 784 786
784 2 782 783
785 5 776 778 780 787 788
786 5 782 783 787 788 789
787 3 785 786 788
788 7 780 781 785 786 787 789 790
789 4 782 786 788 790
790 4 788 789 791 792
791 2 790 792
792 4 790 791 793 794
793 2 792 794
794 2 792 793
795 2 796 798
796 5 795 797 798 799 800
797 3 796 800 801
798 3 795 796 799
799 5 796 798 800 801 802
800 4 796 797 799 801
801 5 797 799 800 802 803
802 3 799 801 803
803 2 801 802
804 3 805 807 808
805 5 804 806 807 808 809
806 5 805 807 809 810 811
807 4 804 805 806 810
808 2 804 805
809 2 805 806
810 3 806 807 811
811 2 806 810
812 8 27 30 31 32 33 762 813 816
813 6 762 764 812 814 815 816
814 6 764 768 813 815 819 820
815 5 813 814 816 817 819
816 8 13 31 812 813 815 817 821 822
817 5 815 816 818 819 821
818 5 817 819 820 821 822
819 5 814 815 817 818 820
820 5 768 814 818 819 830
821 4 816 817 818 822
822 8 12 13 816 818 821 823 962 963
823 4 822 824 963 964
824 2 823 964
825 6 753 757 765 766 767 826
826 7 757 758 767 768 825 827 834
827 5 768 826 828 834 835
828 6 768 827 829 830 835 836
829 6 828 830 831 836 837 838
830 5 768 820 828 829 831
831 4 829 830 832 837
832 4 831 833 837 841
833 3 832 841 846
834 4 758 826 827 835
835 6 827 828 834 836 837 840
836 5 828 829 835 837 838
837 9 829 831 832 835 836 838 840 841 842
838 3 829 836 837
839 2 840 843
840 5 835 837 839 842 843
841 6 832 833 837 842 844 846
842 7 837 840 841 843 844 845 851
843 4 839 840 842 851
844 8 841 842 845 846 847 848 849 852
845 4 842 844 851 852
846 4 833 841 844 847
847 3 844 846 848
848 4 844 847 849 850
849 5 772 844 848 850 852
850 2 848 849
851 5 842 843 845 852 853
852 7 771 772 844 845 849 851 853
853 5 771 851 852 854 855
854 3 777 853 855
855 5 771 775 777 853 854
856 4 857 858 861 865
857 3 856 858 860
858 6 856 857 860 861 862 863
859 2 863 864
860 3 857 858 863
861 4 856 858 862 865
862 4 858 861 863 864
863 5 858 859 860 862 864
864 3 859 862 863
865 2 856 861
866 8 71 72 73 402 404 426 660 662
867 0
868 0
869 6 327 330 870 871 875 876
870 2 869 871
871 5 869 870 872 874 875
872 3 871 873 874
873 5 872 874 878 885 887
874 6 871 872 873 875 877 878
875 5 869 871 874 876 877
876 6 327 329 869 875 877 878
877 4 874 875 876 878
878 9 329 873 874 876 877 879 880 881 885
879 4 878 880 881 883
880 5 329 365 878 879 883
881 7 878 879 882 883 884 885 886
882 6 881 884 886 897 903 904
883 6 346 365 879 880 881 884
884 6 346 881 882 883 904 906
885 7 873 878 881 886 887 891 893
886 7 881 882 885 891 893 897 898
887 4 873 885 892 893
888 3 889 890 892
889 4 888 890 893 896
890 4 888 889 892 893
891 3 885 886 893
892 4 887 888 890 893
893 9 885 886 887 889 890 891 892 896 898
894 4 895 896 898 899
895 2 894 899
896 4 889 893 894 898
897 6 882 886 898 899 902 903
898 6 886 893 894 896 897 899
899 6 894 895 897 898 901 902
900 4 45 46 48 51
901 3 37 899 902
902 6 37 39 897 899 901 903
903 6 39 882 897 902 904 905
904 5 882 884 903 905 906
905 6 39 41 903 904 906 907
906 6 346 349 884 904 905 907
907 6 41 349 357 905 906 908
908 8 41 42 68 70 71 357 361 907
909 3 556 557 910
910 5 556 909 911 912 913
911 5 910 912 913 914 915
912 5 910 911 914 919 922
913 5 556 910 911 915 916
914 4 911 912 915 922
915 7 573 911 913 914 916 922 925
916 5 556 573 577 913 915
917 3 599 927 928
918 3 921 926 929
919 3 912 920 922
920 6 919 921 922 923 924 925
921 4 918 920 924 929
922 6 912 914 915 919 920 925
923 5 584 920 924 925 930
924 5 920 921 923 929 930
925 6 573 584 915 920 922 923
926 4 918 927 929 931
927 4 917 926 928 931
928 5 583 599 917 927 931
929 6 918 921 924 926 930 931
930 6 583 584 923 924 929 931
931 6 583 926 927 928 929 930
932 2 933 934
933 5 932 934 937 947 948
934 5 932 933 935 936 937
935 5 934 936 938 940 945
936 6 934 935 937 945 946 947
937 5 933 934 936 947 948
938 5 935 939 940 944 945
939 5 938 940 942 943 944
940 4 935 938 939 942
941 0
942 3 939 940 943
943 3 939 942 944
944 4 938 939 943 945
945 5 935 936 938 944 946
946 3 936 945 947
947 6 933 936 937 946 948 950
948 5 933 937 947 949 950
949 3 948 950 951
950 4 947 948 949 951
951 3 949 950 952
952 2 619 951
953 5 3 18 724 725 954
954 5 18 19 953 955 956
955 4 14 19 954 956
956 7 14 954 955 957 958 961 962
957 4 956 958 959 961
958 3 956 957 959
959 4 957 958 960 961
960 4 959 961 963 964
961 6 956 957 959 960 962 963
962 6 12 14 822 956 961 963
963 6 822 823 960 961 962 964
964 4 823 824 960 963
965 6 2 8 9 10 723 966
966 6 8 91 723 965 967 968
967 6 91 93 966 968 969 970
968 7 719 721 723 731 966 967 970
969 5 93 94 967 970 971
970 7 729 731 967 968 969 971 972
971 3 969 970 972
972 4 729 734 970 971
